(kicad_pcb (version 20171130) (host pcbnew "(5.1.5)-3")

  (general
    (thickness 1.6)
    (drawings 159)
    (tracks 1401)
    (zones 0)
    (modules 63)
    (nets 49)
  )

  (page A4)
  (title_block
    (title sockets-split)
    (date 2019-01-06)
    (rev 1)
    (company mukko)
  )

  (layers
    (0 F.Cu signal)
    (31 B.Cu signal)
    (32 B.Adhes user hide)
    (33 F.Adhes user hide)
    (34 B.Paste user hide)
    (35 F.Paste user hide)
    (36 B.SilkS user)
    (37 F.SilkS user)
    (38 B.Mask user)
    (39 F.Mask user)
    (40 Dwgs.User user hide)
    (41 Cmts.User user hide)
    (42 Eco1.User user hide)
    (43 Eco2.User user hide)
    (44 Edge.Cuts user)
    (45 Margin user hide)
    (46 B.CrtYd user hide)
    (47 F.CrtYd user hide)
    (48 B.Fab user hide)
    (49 F.Fab user hide)
  )

  (setup
    (last_trace_width 0.25)
    (user_trace_width 0.5)
    (trace_clearance 0.2)
    (zone_clearance 0.508)
    (zone_45_only no)
    (trace_min 0.2)
    (via_size 0.8)
    (via_drill 0.4)
    (via_min_size 0.4)
    (via_min_drill 0.3)
    (uvia_size 0.3)
    (uvia_drill 0.1)
    (uvias_allowed no)
    (uvia_min_size 0.2)
    (uvia_min_drill 0.1)
    (edge_width 0.2)
    (segment_width 0.2)
    (pcb_text_width 0.3)
    (pcb_text_size 1.5 1.5)
    (mod_edge_width 0.15)
    (mod_text_size 1 1)
    (mod_text_width 0.15)
    (pad_size 2.3 2.3)
    (pad_drill 2.1)
    (pad_to_mask_clearance 0.051)
    (solder_mask_min_width 0.25)
    (aux_axis_origin 0 0)
    (visible_elements 7FFFE7FF)
    (pcbplotparams
      (layerselection 0x010f0_ffffffff)
      (usegerberextensions false)
      (usegerberattributes false)
      (usegerberadvancedattributes false)
      (creategerberjobfile false)
      (excludeedgelayer true)
      (linewidth 0.100000)
      (plotframeref false)
      (viasonmask false)
      (mode 1)
      (useauxorigin false)
      (hpglpennumber 1)
      (hpglpenspeed 20)
      (hpglpendiameter 15.000000)
      (psnegative false)
      (psa4output false)
      (plotreference true)
      (plotvalue true)
      (plotinvisibletext false)
      (padsonsilk false)
      (subtractmaskfromsilk false)
      (outputformat 1)
      (mirror false)
      (drillshape 0)
      (scaleselection 1)
      (outputdirectory "../../../Desktop/sockets-split/socets-split/"))
  )

  (net 0 "")
  (net 1 "Net-(D1-Pad2)")
  (net 2 row0)
  (net 3 "Net-(D2-Pad2)")
  (net 4 "Net-(D3-Pad2)")
  (net 5 "Net-(D4-Pad2)")
  (net 6 "Net-(D5-Pad2)")
  (net 7 "Net-(D6-Pad2)")
  (net 8 "Net-(D7-Pad2)")
  (net 9 row1)
  (net 10 "Net-(D8-Pad2)")
  (net 11 "Net-(D9-Pad2)")
  (net 12 "Net-(D10-Pad2)")
  (net 13 "Net-(D11-Pad2)")
  (net 14 "Net-(D12-Pad2)")
  (net 15 "Net-(D13-Pad2)")
  (net 16 row2)
  (net 17 "Net-(D14-Pad2)")
  (net 18 "Net-(D15-Pad2)")
  (net 19 "Net-(D16-Pad2)")
  (net 20 "Net-(D17-Pad2)")
  (net 21 "Net-(D18-Pad2)")
  (net 22 "Net-(D19-Pad2)")
  (net 23 row3)
  (net 24 "Net-(D20-Pad2)")
  (net 25 "Net-(D21-Pad2)")
  (net 26 "Net-(D22-Pad2)")
  (net 27 "Net-(D23-Pad2)")
  (net 28 "Net-(D24-Pad2)")
  (net 29 VCC)
  (net 30 LED)
  (net 31 GND)
  (net 32 data)
  (net 33 RESET)
  (net 34 col0)
  (net 35 col1)
  (net 36 col2)
  (net 37 col3)
  (net 38 col4)
  (net 39 col5)
  (net 40 "Net-(U1-Pad24)")
  (net 41 "Net-(U1-Pad20)")
  (net 42 "Net-(U1-Pad19)")
  (net 43 "Net-(U1-Pad8)")
  (net 44 "Net-(U1-Pad7)")
  (net 45 SDA)
  (net 46 SCL)
  (net 47 "Net-(J2-PadA)")
  (net 48 "Net-(J2-PadB)")

  (net_class Default "これはデフォルトのネット クラスです。"
    (clearance 0.2)
    (trace_width 0.25)
    (via_dia 0.8)
    (via_drill 0.4)
    (uvia_dia 0.3)
    (uvia_drill 0.1)
    (add_net GND)
    (add_net LED)
    (add_net "Net-(D1-Pad2)")
    (add_net "Net-(D10-Pad2)")
    (add_net "Net-(D11-Pad2)")
    (add_net "Net-(D12-Pad2)")
    (add_net "Net-(D13-Pad2)")
    (add_net "Net-(D14-Pad2)")
    (add_net "Net-(D15-Pad2)")
    (add_net "Net-(D16-Pad2)")
    (add_net "Net-(D17-Pad2)")
    (add_net "Net-(D18-Pad2)")
    (add_net "Net-(D19-Pad2)")
    (add_net "Net-(D2-Pad2)")
    (add_net "Net-(D20-Pad2)")
    (add_net "Net-(D21-Pad2)")
    (add_net "Net-(D22-Pad2)")
    (add_net "Net-(D23-Pad2)")
    (add_net "Net-(D24-Pad2)")
    (add_net "Net-(D3-Pad2)")
    (add_net "Net-(D4-Pad2)")
    (add_net "Net-(D5-Pad2)")
    (add_net "Net-(D6-Pad2)")
    (add_net "Net-(D7-Pad2)")
    (add_net "Net-(D8-Pad2)")
    (add_net "Net-(D9-Pad2)")
    (add_net "Net-(J2-PadA)")
    (add_net "Net-(J2-PadB)")
    (add_net "Net-(U1-Pad19)")
    (add_net "Net-(U1-Pad20)")
    (add_net "Net-(U1-Pad24)")
    (add_net "Net-(U1-Pad7)")
    (add_net "Net-(U1-Pad8)")
    (add_net RESET)
    (add_net SCL)
    (add_net SDA)
    (add_net VCC)
    (add_net col0)
    (add_net col1)
    (add_net col2)
    (add_net col3)
    (add_net col4)
    (add_net col5)
    (add_net data)
    (add_net row0)
    (add_net row1)
    (add_net row2)
    (add_net row3)
  )

  (module kbd:CherryMX_Hotswap (layer F.Cu) (tedit 5C0D2157) (tstamp 5C67B6A3)
    (at 129.159 80.518)
    (path /5C2C902B)
    (fp_text reference SW9 (at 7.1 8.2) (layer F.SilkS) hide
      (effects (font (size 1 1) (thickness 0.15)))
    )
    (fp_text value SW_PUSH (at -4.8 8.3) (layer F.Fab) hide
      (effects (font (size 1 1) (thickness 0.15)))
    )
    (fp_line (start -7 7) (end -6 7) (layer Dwgs.User) (width 0.15))
    (fp_line (start 7 -7) (end 7 -6) (layer Dwgs.User) (width 0.15))
    (fp_line (start -7 -7) (end -6 -7) (layer Dwgs.User) (width 0.15))
    (fp_line (start 7 7) (end 7 6) (layer Dwgs.User) (width 0.15))
    (fp_line (start 6 7) (end 7 7) (layer Dwgs.User) (width 0.15))
    (fp_line (start -7 6) (end -7 7) (layer Dwgs.User) (width 0.15))
    (fp_line (start 7 -7) (end 6 -7) (layer Dwgs.User) (width 0.15))
    (fp_line (start -7 -6) (end -7 -7) (layer Dwgs.User) (width 0.15))
    (fp_line (start -9.525 9.525) (end -9.525 -9.525) (layer Dwgs.User) (width 0.15))
    (fp_line (start 9.525 9.525) (end -9.525 9.525) (layer Dwgs.User) (width 0.15))
    (fp_line (start 9.525 -9.525) (end 9.525 9.525) (layer Dwgs.User) (width 0.15))
    (fp_line (start -9.525 -9.525) (end 9.525 -9.525) (layer Dwgs.User) (width 0.15))
    (fp_line (start -4.4 -3.9) (end -4.4 -3.2) (layer F.SilkS) (width 0.4))
    (fp_line (start -4.4 -6.4) (end -3 -6.4) (layer F.SilkS) (width 0.4))
    (fp_line (start 5.7 -1.3) (end 3 -1.3) (layer F.SilkS) (width 0.5))
    (fp_arc (start 0.865 -1.23) (end 0.8 -3.4) (angle 84) (layer F.SilkS) (width 1))
    (fp_line (start -4.6 -6.25) (end -4.6 -6.6) (layer F.SilkS) (width 0.15))
    (fp_arc (start 3.9 -4.6) (end 3.8 -6.600001) (angle 90) (layer F.SilkS) (width 0.15))
    (fp_arc (start 0.465 -0.83) (end 0.4 -3) (angle 84) (layer F.SilkS) (width 0.15))
    (fp_line (start -4.6 -6.6) (end 3.8 -6.600001) (layer F.SilkS) (width 0.15))
    (fp_line (start 0.4 -3) (end -4.6 -3) (layer F.SilkS) (width 0.15))
    (fp_line (start 5.9 -1.1) (end 2.62 -1.1) (layer F.SilkS) (width 0.15))
    (fp_line (start 5.9 -4.7) (end 5.9 -3.7) (layer F.SilkS) (width 0.15))
    (fp_line (start 5.9 -1.1) (end 5.9 -1.46) (layer F.SilkS) (width 0.15))
    (fp_line (start 5.7 -1.46) (end 5.9 -1.46) (layer F.SilkS) (width 0.15))
    (fp_line (start 5.67 -3.7) (end 5.67 -1.46) (layer F.SilkS) (width 0.15))
    (fp_line (start 5.9 -3.7) (end 5.7 -3.7) (layer F.SilkS) (width 0.15))
    (fp_line (start -4.4 -6.25) (end -4.6 -6.25) (layer F.SilkS) (width 0.15))
    (fp_line (start -4.38 -4) (end -4.38 -6.25) (layer F.SilkS) (width 0.15))
    (fp_line (start -4.6 -4) (end -4.4 -4) (layer F.SilkS) (width 0.15))
    (fp_line (start -4.6 -3) (end -4.6 -4) (layer F.SilkS) (width 0.15))
    (fp_line (start -2.6 -4.8) (end 4.1 -4.8) (layer F.SilkS) (width 3.5))
    (fp_line (start -3.9 -6) (end -3.9 -3.5) (layer F.SilkS) (width 1))
    (fp_line (start -4.3 -3.3) (end -2.9 -3.3) (layer F.SilkS) (width 0.5))
    (fp_line (start 4.17 -5.1) (end 4.17 -2.86) (layer F.SilkS) (width 3))
    (fp_line (start 5.3 -1.6) (end 5.3 -3.4) (layer F.SilkS) (width 0.8))
    (fp_line (start 5.799999 -3.8) (end 5.8 -4.699999) (layer F.SilkS) (width 0.3))
    (fp_line (start -5.8 -3.800001) (end -5.8 -4.7) (layer B.SilkS) (width 0.3))
    (fp_line (start -5.3 -1.6) (end -5.3 -3.399999) (layer B.SilkS) (width 0.8))
    (fp_line (start -4.17 -5.1) (end -4.17 -2.86) (layer B.SilkS) (width 3))
    (fp_line (start 4.3 -3.3) (end 2.9 -3.3) (layer B.SilkS) (width 0.5))
    (fp_line (start 3.9 -6) (end 3.9 -3.5) (layer B.SilkS) (width 1))
    (fp_line (start 2.6 -4.8) (end -4.1 -4.8) (layer B.SilkS) (width 3.5))
    (fp_line (start 4.6 -3) (end 4.6 -4) (layer B.SilkS) (width 0.15))
    (fp_line (start 4.6 -4) (end 4.4 -4) (layer B.SilkS) (width 0.15))
    (fp_line (start 4.38 -4) (end 4.38 -6.25) (layer B.SilkS) (width 0.15))
    (fp_line (start 4.4 -6.25) (end 4.6 -6.25) (layer B.SilkS) (width 0.15))
    (fp_line (start -5.9 -3.7) (end -5.7 -3.7) (layer B.SilkS) (width 0.15))
    (fp_line (start -5.67 -3.7) (end -5.67 -1.46) (layer B.SilkS) (width 0.15))
    (fp_line (start -5.7 -1.46) (end -5.9 -1.46) (layer B.SilkS) (width 0.15))
    (fp_line (start -5.9 -1.1) (end -5.9 -1.46) (layer B.SilkS) (width 0.15))
    (fp_line (start -5.9 -4.7) (end -5.9 -3.7) (layer B.SilkS) (width 0.15))
    (fp_line (start -5.9 -1.1) (end -2.62 -1.1) (layer B.SilkS) (width 0.15))
    (fp_line (start -0.4 -3) (end 4.6 -3) (layer B.SilkS) (width 0.15))
    (fp_line (start 4.6 -6.6) (end -3.800001 -6.6) (layer B.SilkS) (width 0.15))
    (fp_arc (start -0.465 -0.83) (end -0.4 -3) (angle -84) (layer B.SilkS) (width 0.15))
    (fp_arc (start -3.9 -4.6) (end -3.800001 -6.6) (angle -90) (layer B.SilkS) (width 0.15))
    (fp_line (start 4.6 -6.25) (end 4.6 -6.6) (layer B.SilkS) (width 0.15))
    (fp_arc (start -0.865 -1.23) (end -0.8 -3.4) (angle -84) (layer B.SilkS) (width 1))
    (fp_line (start -5.7 -1.3) (end -3 -1.3) (layer B.SilkS) (width 0.5))
    (fp_line (start 4.4 -6.4) (end 3 -6.4) (layer B.SilkS) (width 0.4))
    (fp_line (start 4.4 -3.9) (end 4.4 -3.2) (layer B.SilkS) (width 0.4))
    (pad 2 smd rect (at 5.7 -5.12 180) (size 2.3 2) (layers B.Cu B.Paste B.Mask)
      (net 10 "Net-(D8-Pad2)"))
    (pad "" np_thru_hole circle (at -5.08 0) (size 1.9 1.9) (drill 1.9) (layers *.Cu *.Mask F.SilkS))
    (pad "" np_thru_hole circle (at 5.08 0) (size 1.9 1.9) (drill 1.9) (layers *.Cu *.Mask F.SilkS))
    (pad "" np_thru_hole circle (at 0 0 90) (size 4.1 4.1) (drill 4.1) (layers *.Cu *.Mask F.SilkS))
    (pad "" np_thru_hole circle (at 2.54 -5.08 180) (size 3 3) (drill 3) (layers *.Cu *.Mask))
    (pad "" np_thru_hole circle (at 3.81 -2.540001 180) (size 3 3) (drill 3) (layers *.Cu *.Mask))
    (pad "" np_thru_hole circle (at -2.54 -5.08 180) (size 3 3) (drill 3) (layers *.Cu *.Mask))
    (pad "" np_thru_hole circle (at -3.81 -2.54 180) (size 3 3) (drill 3) (layers *.Cu *.Mask))
    (pad 2 smd rect (at -5.7 -5.12 180) (size 2.3 2) (layers F.Cu F.Paste F.Mask)
      (net 10 "Net-(D8-Pad2)"))
    (pad 1 smd rect (at 7 -2.58 180) (size 2.3 2) (layers F.Cu F.Paste F.Mask)
      (net 35 col1))
    (pad 1 smd rect (at -7 -2.58 180) (size 2.3 2) (layers B.Cu B.Paste B.Mask)
      (net 35 col1))
  )

  (module kbd:CherryMX_Hotswap (layer F.Cu) (tedit 5C0D2157) (tstamp 5C67B871)
    (at 124.3965 99.568)
    (path /5C2C95FB)
    (fp_text reference SW15 (at 7.1 8.2) (layer F.SilkS) hide
      (effects (font (size 1 1) (thickness 0.15)))
    )
    (fp_text value SW_PUSH (at -4.8 8.3) (layer F.Fab) hide
      (effects (font (size 1 1) (thickness 0.15)))
    )
    (fp_line (start 4.4 -3.9) (end 4.4 -3.2) (layer B.SilkS) (width 0.4))
    (fp_line (start 4.4 -6.4) (end 3 -6.4) (layer B.SilkS) (width 0.4))
    (fp_line (start -5.7 -1.3) (end -3 -1.3) (layer B.SilkS) (width 0.5))
    (fp_arc (start -0.865 -1.23) (end -0.8 -3.4) (angle -84) (layer B.SilkS) (width 1))
    (fp_line (start 4.6 -6.25) (end 4.6 -6.6) (layer B.SilkS) (width 0.15))
    (fp_arc (start -3.9 -4.6) (end -3.800001 -6.6) (angle -90) (layer B.SilkS) (width 0.15))
    (fp_arc (start -0.465 -0.83) (end -0.4 -3) (angle -84) (layer B.SilkS) (width 0.15))
    (fp_line (start 4.6 -6.6) (end -3.800001 -6.6) (layer B.SilkS) (width 0.15))
    (fp_line (start -0.4 -3) (end 4.6 -3) (layer B.SilkS) (width 0.15))
    (fp_line (start -5.9 -1.1) (end -2.62 -1.1) (layer B.SilkS) (width 0.15))
    (fp_line (start -5.9 -4.7) (end -5.9 -3.7) (layer B.SilkS) (width 0.15))
    (fp_line (start -5.9 -1.1) (end -5.9 -1.46) (layer B.SilkS) (width 0.15))
    (fp_line (start -5.7 -1.46) (end -5.9 -1.46) (layer B.SilkS) (width 0.15))
    (fp_line (start -5.67 -3.7) (end -5.67 -1.46) (layer B.SilkS) (width 0.15))
    (fp_line (start -5.9 -3.7) (end -5.7 -3.7) (layer B.SilkS) (width 0.15))
    (fp_line (start 4.4 -6.25) (end 4.6 -6.25) (layer B.SilkS) (width 0.15))
    (fp_line (start 4.38 -4) (end 4.38 -6.25) (layer B.SilkS) (width 0.15))
    (fp_line (start 4.6 -4) (end 4.4 -4) (layer B.SilkS) (width 0.15))
    (fp_line (start 4.6 -3) (end 4.6 -4) (layer B.SilkS) (width 0.15))
    (fp_line (start 2.6 -4.8) (end -4.1 -4.8) (layer B.SilkS) (width 3.5))
    (fp_line (start 3.9 -6) (end 3.9 -3.5) (layer B.SilkS) (width 1))
    (fp_line (start 4.3 -3.3) (end 2.9 -3.3) (layer B.SilkS) (width 0.5))
    (fp_line (start -4.17 -5.1) (end -4.17 -2.86) (layer B.SilkS) (width 3))
    (fp_line (start -5.3 -1.6) (end -5.3 -3.399999) (layer B.SilkS) (width 0.8))
    (fp_line (start -5.8 -3.800001) (end -5.8 -4.7) (layer B.SilkS) (width 0.3))
    (fp_line (start 5.799999 -3.8) (end 5.8 -4.699999) (layer F.SilkS) (width 0.3))
    (fp_line (start 5.3 -1.6) (end 5.3 -3.4) (layer F.SilkS) (width 0.8))
    (fp_line (start 4.17 -5.1) (end 4.17 -2.86) (layer F.SilkS) (width 3))
    (fp_line (start -4.3 -3.3) (end -2.9 -3.3) (layer F.SilkS) (width 0.5))
    (fp_line (start -3.9 -6) (end -3.9 -3.5) (layer F.SilkS) (width 1))
    (fp_line (start -2.6 -4.8) (end 4.1 -4.8) (layer F.SilkS) (width 3.5))
    (fp_line (start -4.6 -3) (end -4.6 -4) (layer F.SilkS) (width 0.15))
    (fp_line (start -4.6 -4) (end -4.4 -4) (layer F.SilkS) (width 0.15))
    (fp_line (start -4.38 -4) (end -4.38 -6.25) (layer F.SilkS) (width 0.15))
    (fp_line (start -4.4 -6.25) (end -4.6 -6.25) (layer F.SilkS) (width 0.15))
    (fp_line (start 5.9 -3.7) (end 5.7 -3.7) (layer F.SilkS) (width 0.15))
    (fp_line (start 5.67 -3.7) (end 5.67 -1.46) (layer F.SilkS) (width 0.15))
    (fp_line (start 5.7 -1.46) (end 5.9 -1.46) (layer F.SilkS) (width 0.15))
    (fp_line (start 5.9 -1.1) (end 5.9 -1.46) (layer F.SilkS) (width 0.15))
    (fp_line (start 5.9 -4.7) (end 5.9 -3.7) (layer F.SilkS) (width 0.15))
    (fp_line (start 5.9 -1.1) (end 2.62 -1.1) (layer F.SilkS) (width 0.15))
    (fp_line (start 0.4 -3) (end -4.6 -3) (layer F.SilkS) (width 0.15))
    (fp_line (start -4.6 -6.6) (end 3.8 -6.600001) (layer F.SilkS) (width 0.15))
    (fp_arc (start 0.465 -0.83) (end 0.4 -3) (angle 84) (layer F.SilkS) (width 0.15))
    (fp_arc (start 3.9 -4.6) (end 3.8 -6.600001) (angle 90) (layer F.SilkS) (width 0.15))
    (fp_line (start -4.6 -6.25) (end -4.6 -6.6) (layer F.SilkS) (width 0.15))
    (fp_arc (start 0.865 -1.23) (end 0.8 -3.4) (angle 84) (layer F.SilkS) (width 1))
    (fp_line (start 5.7 -1.3) (end 3 -1.3) (layer F.SilkS) (width 0.5))
    (fp_line (start -4.4 -6.4) (end -3 -6.4) (layer F.SilkS) (width 0.4))
    (fp_line (start -4.4 -3.9) (end -4.4 -3.2) (layer F.SilkS) (width 0.4))
    (fp_line (start -9.525 -9.525) (end 9.525 -9.525) (layer Dwgs.User) (width 0.15))
    (fp_line (start 9.525 -9.525) (end 9.525 9.525) (layer Dwgs.User) (width 0.15))
    (fp_line (start 9.525 9.525) (end -9.525 9.525) (layer Dwgs.User) (width 0.15))
    (fp_line (start -9.525 9.525) (end -9.525 -9.525) (layer Dwgs.User) (width 0.15))
    (fp_line (start -7 -6) (end -7 -7) (layer Dwgs.User) (width 0.15))
    (fp_line (start 7 -7) (end 6 -7) (layer Dwgs.User) (width 0.15))
    (fp_line (start -7 6) (end -7 7) (layer Dwgs.User) (width 0.15))
    (fp_line (start 6 7) (end 7 7) (layer Dwgs.User) (width 0.15))
    (fp_line (start 7 7) (end 7 6) (layer Dwgs.User) (width 0.15))
    (fp_line (start -7 -7) (end -6 -7) (layer Dwgs.User) (width 0.15))
    (fp_line (start 7 -7) (end 7 -6) (layer Dwgs.User) (width 0.15))
    (fp_line (start -7 7) (end -6 7) (layer Dwgs.User) (width 0.15))
    (pad 1 smd rect (at -7 -2.58 180) (size 2.3 2) (layers B.Cu B.Paste B.Mask)
      (net 35 col1))
    (pad 1 smd rect (at 7 -2.58 180) (size 2.3 2) (layers F.Cu F.Paste F.Mask)
      (net 35 col1))
    (pad 2 smd rect (at -5.7 -5.12 180) (size 2.3 2) (layers F.Cu F.Paste F.Mask)
      (net 17 "Net-(D14-Pad2)"))
    (pad "" np_thru_hole circle (at -3.81 -2.54 180) (size 3 3) (drill 3) (layers *.Cu *.Mask))
    (pad "" np_thru_hole circle (at -2.54 -5.08 180) (size 3 3) (drill 3) (layers *.Cu *.Mask))
    (pad "" np_thru_hole circle (at 3.81 -2.540001 180) (size 3 3) (drill 3) (layers *.Cu *.Mask))
    (pad "" np_thru_hole circle (at 2.54 -5.08 180) (size 3 3) (drill 3) (layers *.Cu *.Mask))
    (pad "" np_thru_hole circle (at 0 0 90) (size 4.1 4.1) (drill 4.1) (layers *.Cu *.Mask F.SilkS))
    (pad "" np_thru_hole circle (at 5.08 0) (size 1.9 1.9) (drill 1.9) (layers *.Cu *.Mask F.SilkS))
    (pad "" np_thru_hole circle (at -5.08 0) (size 1.9 1.9) (drill 1.9) (layers *.Cu *.Mask F.SilkS))
    (pad 2 smd rect (at 5.7 -5.12 180) (size 2.3 2) (layers B.Cu B.Paste B.Mask)
      (net 17 "Net-(D14-Pad2)"))
  )

  (module kbd:CherryMX_Hotswap (layer F.Cu) (tedit 5C0D2157) (tstamp 5C67B824)
    (at 105.3465 99.568)
    (path /5C2C95EF)
    (fp_text reference SW14 (at 7.1 8.2) (layer F.SilkS) hide
      (effects (font (size 1 1) (thickness 0.15)))
    )
    (fp_text value SW_PUSH (at -4.8 8.3) (layer F.Fab) hide
      (effects (font (size 1 1) (thickness 0.15)))
    )
    (fp_line (start -7 7) (end -6 7) (layer Dwgs.User) (width 0.15))
    (fp_line (start 7 -7) (end 7 -6) (layer Dwgs.User) (width 0.15))
    (fp_line (start -7 -7) (end -6 -7) (layer Dwgs.User) (width 0.15))
    (fp_line (start 7 7) (end 7 6) (layer Dwgs.User) (width 0.15))
    (fp_line (start 6 7) (end 7 7) (layer Dwgs.User) (width 0.15))
    (fp_line (start -7 6) (end -7 7) (layer Dwgs.User) (width 0.15))
    (fp_line (start 7 -7) (end 6 -7) (layer Dwgs.User) (width 0.15))
    (fp_line (start -7 -6) (end -7 -7) (layer Dwgs.User) (width 0.15))
    (fp_line (start -9.525 9.525) (end -9.525 -9.525) (layer Dwgs.User) (width 0.15))
    (fp_line (start 9.525 9.525) (end -9.525 9.525) (layer Dwgs.User) (width 0.15))
    (fp_line (start 9.525 -9.525) (end 9.525 9.525) (layer Dwgs.User) (width 0.15))
    (fp_line (start -9.525 -9.525) (end 9.525 -9.525) (layer Dwgs.User) (width 0.15))
    (fp_line (start -4.4 -3.9) (end -4.4 -3.2) (layer F.SilkS) (width 0.4))
    (fp_line (start -4.4 -6.4) (end -3 -6.4) (layer F.SilkS) (width 0.4))
    (fp_line (start 5.7 -1.3) (end 3 -1.3) (layer F.SilkS) (width 0.5))
    (fp_arc (start 0.865 -1.23) (end 0.8 -3.4) (angle 84) (layer F.SilkS) (width 1))
    (fp_line (start -4.6 -6.25) (end -4.6 -6.6) (layer F.SilkS) (width 0.15))
    (fp_arc (start 3.9 -4.6) (end 3.8 -6.600001) (angle 90) (layer F.SilkS) (width 0.15))
    (fp_arc (start 0.465 -0.83) (end 0.4 -3) (angle 84) (layer F.SilkS) (width 0.15))
    (fp_line (start -4.6 -6.6) (end 3.8 -6.600001) (layer F.SilkS) (width 0.15))
    (fp_line (start 0.4 -3) (end -4.6 -3) (layer F.SilkS) (width 0.15))
    (fp_line (start 5.9 -1.1) (end 2.62 -1.1) (layer F.SilkS) (width 0.15))
    (fp_line (start 5.9 -4.7) (end 5.9 -3.7) (layer F.SilkS) (width 0.15))
    (fp_line (start 5.9 -1.1) (end 5.9 -1.46) (layer F.SilkS) (width 0.15))
    (fp_line (start 5.7 -1.46) (end 5.9 -1.46) (layer F.SilkS) (width 0.15))
    (fp_line (start 5.67 -3.7) (end 5.67 -1.46) (layer F.SilkS) (width 0.15))
    (fp_line (start 5.9 -3.7) (end 5.7 -3.7) (layer F.SilkS) (width 0.15))
    (fp_line (start -4.4 -6.25) (end -4.6 -6.25) (layer F.SilkS) (width 0.15))
    (fp_line (start -4.38 -4) (end -4.38 -6.25) (layer F.SilkS) (width 0.15))
    (fp_line (start -4.6 -4) (end -4.4 -4) (layer F.SilkS) (width 0.15))
    (fp_line (start -4.6 -3) (end -4.6 -4) (layer F.SilkS) (width 0.15))
    (fp_line (start -2.6 -4.8) (end 4.1 -4.8) (layer F.SilkS) (width 3.5))
    (fp_line (start -3.9 -6) (end -3.9 -3.5) (layer F.SilkS) (width 1))
    (fp_line (start -4.3 -3.3) (end -2.9 -3.3) (layer F.SilkS) (width 0.5))
    (fp_line (start 4.17 -5.1) (end 4.17 -2.86) (layer F.SilkS) (width 3))
    (fp_line (start 5.3 -1.6) (end 5.3 -3.4) (layer F.SilkS) (width 0.8))
    (fp_line (start 5.799999 -3.8) (end 5.8 -4.699999) (layer F.SilkS) (width 0.3))
    (fp_line (start -5.8 -3.800001) (end -5.8 -4.7) (layer B.SilkS) (width 0.3))
    (fp_line (start -5.3 -1.6) (end -5.3 -3.399999) (layer B.SilkS) (width 0.8))
    (fp_line (start -4.17 -5.1) (end -4.17 -2.86) (layer B.SilkS) (width 3))
    (fp_line (start 4.3 -3.3) (end 2.9 -3.3) (layer B.SilkS) (width 0.5))
    (fp_line (start 3.9 -6) (end 3.9 -3.5) (layer B.SilkS) (width 1))
    (fp_line (start 2.6 -4.8) (end -4.1 -4.8) (layer B.SilkS) (width 3.5))
    (fp_line (start 4.6 -3) (end 4.6 -4) (layer B.SilkS) (width 0.15))
    (fp_line (start 4.6 -4) (end 4.4 -4) (layer B.SilkS) (width 0.15))
    (fp_line (start 4.38 -4) (end 4.38 -6.25) (layer B.SilkS) (width 0.15))
    (fp_line (start 4.4 -6.25) (end 4.6 -6.25) (layer B.SilkS) (width 0.15))
    (fp_line (start -5.9 -3.7) (end -5.7 -3.7) (layer B.SilkS) (width 0.15))
    (fp_line (start -5.67 -3.7) (end -5.67 -1.46) (layer B.SilkS) (width 0.15))
    (fp_line (start -5.7 -1.46) (end -5.9 -1.46) (layer B.SilkS) (width 0.15))
    (fp_line (start -5.9 -1.1) (end -5.9 -1.46) (layer B.SilkS) (width 0.15))
    (fp_line (start -5.9 -4.7) (end -5.9 -3.7) (layer B.SilkS) (width 0.15))
    (fp_line (start -5.9 -1.1) (end -2.62 -1.1) (layer B.SilkS) (width 0.15))
    (fp_line (start -0.4 -3) (end 4.6 -3) (layer B.SilkS) (width 0.15))
    (fp_line (start 4.6 -6.6) (end -3.800001 -6.6) (layer B.SilkS) (width 0.15))
    (fp_arc (start -0.465 -0.83) (end -0.4 -3) (angle -84) (layer B.SilkS) (width 0.15))
    (fp_arc (start -3.9 -4.6) (end -3.800001 -6.6) (angle -90) (layer B.SilkS) (width 0.15))
    (fp_line (start 4.6 -6.25) (end 4.6 -6.6) (layer B.SilkS) (width 0.15))
    (fp_arc (start -0.865 -1.23) (end -0.8 -3.4) (angle -84) (layer B.SilkS) (width 1))
    (fp_line (start -5.7 -1.3) (end -3 -1.3) (layer B.SilkS) (width 0.5))
    (fp_line (start 4.4 -6.4) (end 3 -6.4) (layer B.SilkS) (width 0.4))
    (fp_line (start 4.4 -3.9) (end 4.4 -3.2) (layer B.SilkS) (width 0.4))
    (pad 2 smd rect (at 5.7 -5.12 180) (size 2.3 2) (layers B.Cu B.Paste B.Mask)
      (net 15 "Net-(D13-Pad2)"))
    (pad "" np_thru_hole circle (at -5.08 0) (size 1.9 1.9) (drill 1.9) (layers *.Cu *.Mask F.SilkS))
    (pad "" np_thru_hole circle (at 5.08 0) (size 1.9 1.9) (drill 1.9) (layers *.Cu *.Mask F.SilkS))
    (pad "" np_thru_hole circle (at 0 0 90) (size 4.1 4.1) (drill 4.1) (layers *.Cu *.Mask F.SilkS))
    (pad "" np_thru_hole circle (at 2.54 -5.08 180) (size 3 3) (drill 3) (layers *.Cu *.Mask))
    (pad "" np_thru_hole circle (at 3.81 -2.540001 180) (size 3 3) (drill 3) (layers *.Cu *.Mask))
    (pad "" np_thru_hole circle (at -2.54 -5.08 180) (size 3 3) (drill 3) (layers *.Cu *.Mask))
    (pad "" np_thru_hole circle (at -3.81 -2.54 180) (size 3 3) (drill 3) (layers *.Cu *.Mask))
    (pad 2 smd rect (at -5.7 -5.12 180) (size 2.3 2) (layers F.Cu F.Paste F.Mask)
      (net 15 "Net-(D13-Pad2)"))
    (pad 1 smd rect (at 7 -2.58 180) (size 2.3 2) (layers F.Cu F.Paste F.Mask)
      (net 34 col0))
    (pad 1 smd rect (at -7 -2.58 180) (size 2.3 2) (layers B.Cu B.Paste B.Mask)
      (net 34 col0))
  )

  (module kbd:ProMicro_v2_1side (layer F.Cu) (tedit 5C66D288) (tstamp 5E152A3B)
    (at 111.7 99.11 90)
    (path /5C2C9BB1)
    (fp_text reference U1 (at -1.27 2.762) (layer F.SilkS) hide
      (effects (font (size 1 1) (thickness 0.15)))
    )
    (fp_text value ProMicro (at -1.27 14.732 90) (layer F.Fab) hide
      (effects (font (size 1 1) (thickness 0.15)))
    )
    (fp_line (start -8.845 -18.288) (end 8.935 -18.288) (layer F.Fab) (width 0.15))
    (fp_line (start 8.935 -18.288) (end 8.935 14.732) (layer F.Fab) (width 0.15))
    (fp_line (start 8.935 14.732) (end -8.845 14.732) (layer F.Fab) (width 0.15))
    (fp_line (start -8.845 14.732) (end -8.845 -18.288) (layer F.Fab) (width 0.15))
    (fp_line (start -8.8336 -15.748) (end -6.2936 -15.748) (layer F.SilkS) (width 0.15))
    (fp_line (start -6.2936 -15.748) (end -6.2936 14.732) (layer F.SilkS) (width 0.15))
    (fp_line (start -6.2936 14.732) (end -8.8336 14.732) (layer F.SilkS) (width 0.15))
    (fp_line (start -8.8336 14.732) (end -8.8336 -15.748) (layer F.SilkS) (width 0.15))
    (fp_line (start 6.3864 -15.748) (end 8.9264 -15.748) (layer F.SilkS) (width 0.15))
    (fp_line (start 8.9264 -15.748) (end 8.9264 14.732) (layer F.SilkS) (width 0.15))
    (fp_line (start 8.9264 14.732) (end 6.3864 14.732) (layer F.SilkS) (width 0.15))
    (fp_line (start 6.3864 14.732) (end 6.3864 -15.748) (layer F.SilkS) (width 0.15))
    (fp_text user "" (at -1.2065 -16.256 90) (layer B.SilkS)
      (effects (font (size 1 1) (thickness 0.15)) (justify mirror))
    )
    (fp_text user "" (at -1.2065 -16.256 90) (layer B.SilkS)
      (effects (font (size 1 1) (thickness 0.15)) (justify mirror))
    )
    (fp_text user RAW (at -11.049 -13.1445 90) (layer B.SilkS)
      (effects (font (size 0.75 0.5) (thickness 0.125)) (justify mirror))
    )
    (fp_text user LED (at 5.5 -14.478 90) (layer F.SilkS)
      (effects (font (size 0.75 0.5) (thickness 0.125)))
    )
    (fp_text user GND (at -11.049 -10.5 90) (layer B.SilkS)
      (effects (font (size 0.75 0.5) (thickness 0.125)) (justify mirror))
    )
    (fp_text user DATA (at 5.35 -11.95 90) (layer F.SilkS)
      (effects (font (size 0.75 0.5) (thickness 0.125)))
    )
    (fp_text user RST (at -11.049 -8.0645 90) (layer B.SilkS)
      (effects (font (size 0.75 0.5) (thickness 0.125)) (justify mirror))
    )
    (fp_text user GND (at 5.5245 -9.3345 90) (layer F.SilkS)
      (effects (font (size 0.75 0.5) (thickness 0.125)))
    )
    (fp_text user VCC (at -11.049 -5.5245 90) (layer B.SilkS)
      (effects (font (size 0.75 0.5) (thickness 0.125)) (justify mirror))
    )
    (fp_text user GND (at 5.461 -6.7945 90) (layer F.SilkS)
      (effects (font (size 0.75 0.5) (thickness 0.125)))
    )
    (fp_text user COL3 (at -10 3.35 90) (layer F.SilkS)
      (effects (font (size 0.75 0.5) (thickness 0.125)))
    )
    (fp_text user ROW0 (at 5.2 0.8 90) (layer F.SilkS)
      (effects (font (size 0.75 0.5) (thickness 0.125)))
    )
    (fp_text user COL2 (at -9.9 0.762 90) (layer F.SilkS)
      (effects (font (size 0.75 0.5) (thickness 0.125)))
    )
    (fp_text user SCL (at 5.461 -1.778 90) (layer F.SilkS)
      (effects (font (size 0.75 0.5) (thickness 0.125)))
    )
    (fp_text user COL1 (at -9.85 -1.778 90) (layer F.SilkS)
      (effects (font (size 0.75 0.5) (thickness 0.125)))
    )
    (fp_text user SDA (at 5.461 -4.318 90) (layer F.SilkS)
      (effects (font (size 0.75 0.5) (thickness 0.125)))
    )
    (fp_text user COL0 (at -9.9 -4.3 90) (layer F.SilkS)
      (effects (font (size 0.75 0.5) (thickness 0.125)))
    )
    (fp_text user B6 (at -10.05 13.5 90) (layer F.SilkS)
      (effects (font (size 0.75 0.5) (thickness 0.125)))
    )
    (fp_text user B5 (at 5.2 13.5255 90) (layer F.SilkS)
      (effects (font (size 0.75 0.5) (thickness 0.125)))
    )
    (fp_text user B4 (at 5.2 10.922 90) (layer F.SilkS)
      (effects (font (size 0.75 0.5) (thickness 0.125)))
    )
    (fp_text user B2 (at -9.95 10.95 90) (layer F.SilkS)
      (effects (font (size 0.75 0.5) (thickness 0.125)))
    )
    (fp_text user ROW3 (at 5.2 8.4455 90) (layer F.SilkS)
      (effects (font (size 0.75 0.5) (thickness 0.125)))
    )
    (fp_text user COL5 (at -9.95 8.4455 90) (layer F.SilkS)
      (effects (font (size 0.75 0.5) (thickness 0.125)))
    )
    (fp_text user ROW2 (at 5.2 5.85 90) (layer F.SilkS)
      (effects (font (size 0.75 0.5) (thickness 0.125)))
    )
    (fp_text user COL4 (at -9.95 5.85 90) (layer F.SilkS)
      (effects (font (size 0.75 0.5) (thickness 0.125)))
    )
    (fp_text user ROW1 (at 5.25 3.302 90) (layer F.SilkS)
      (effects (font (size 0.75 0.5) (thickness 0.125)))
    )
    (fp_text user TX0 (at 4.191 -13.1445 90) (layer B.SilkS)
      (effects (font (size 0.75 0.5) (thickness 0.125)) (justify mirror))
    )
    (fp_text user RX0 (at 4.1275 -10.668 90) (layer B.SilkS)
      (effects (font (size 0.75 0.5) (thickness 0.125)) (justify mirror))
    )
    (fp_text user A0 (at -11.049 4.6355 90) (layer B.SilkS)
      (effects (font (size 0.75 0.5) (thickness 0.125)) (justify mirror))
    )
    (fp_text user 4 (at 4.445 2.1 90) (layer B.SilkS)
      (effects (font (size 0.75 0.5) (thickness 0.125)) (justify mirror))
    )
    (fp_text user A1 (at -11.049 2.032 90) (layer B.SilkS)
      (effects (font (size 0.75 0.5) (thickness 0.125)) (justify mirror))
    )
    (fp_text user 3 (at 4.445 -0.4445 90) (layer B.SilkS)
      (effects (font (size 0.75 0.5) (thickness 0.125)) (justify mirror))
    )
    (fp_text user A2 (at -11.049 -0.4445 90) (layer B.SilkS)
      (effects (font (size 0.75 0.5) (thickness 0.125)) (justify mirror))
    )
    (fp_text user 2 (at 4.445 -2.95 90) (layer B.SilkS)
      (effects (font (size 0.75 0.5) (thickness 0.125)) (justify mirror))
    )
    (fp_text user A3 (at -11.049 -2.9845 90) (layer B.SilkS)
      (effects (font (size 0.75 0.5) (thickness 0.125)) (justify mirror))
    )
    (fp_text user 9 (at 4.445 14.732 90) (layer B.SilkS)
      (effects (font (size 0.75 0.5) (thickness 0.125)) (justify mirror))
    )
    (fp_text user 10 (at -11.049 14.7955 90) (layer B.SilkS)
      (effects (font (size 0.75 0.5) (thickness 0.125)) (justify mirror))
    )
    (fp_text user 16 (at -11.049 12.2555 90) (layer B.SilkS)
      (effects (font (size 0.75 0.5) (thickness 0.125)) (justify mirror))
    )
    (fp_text user 8 (at 4.5085 12.1285 90) (layer B.SilkS)
      (effects (font (size 0.75 0.5) (thickness 0.125)) (justify mirror))
    )
    (fp_text user 7 (at 4.445 9.75 90) (layer B.SilkS)
      (effects (font (size 0.75 0.5) (thickness 0.125)) (justify mirror))
    )
    (fp_text user 14 (at -11.049 9.75 90) (layer B.SilkS)
      (effects (font (size 0.75 0.5) (thickness 0.125)) (justify mirror))
    )
    (fp_text user 6 (at 4.445 7.112 90) (layer B.SilkS)
      (effects (font (size 0.75 0.5) (thickness 0.125)) (justify mirror))
    )
    (fp_text user 15 (at -11.049 7.239 90) (layer B.SilkS)
      (effects (font (size 0.75 0.5) (thickness 0.125)) (justify mirror))
    )
    (fp_text user 5 (at 4.445 4.6 90) (layer B.SilkS)
      (effects (font (size 0.75 0.5) (thickness 0.125)) (justify mirror))
    )
    (pad 1 thru_hole circle (at 7.6564 -14.478 90) (size 1.524 1.524) (drill 0.8128) (layers *.Cu F.SilkS B.Mask)
      (net 30 LED))
    (pad 2 thru_hole circle (at 7.6564 -11.938 90) (size 1.524 1.524) (drill 0.8128) (layers *.Cu F.SilkS B.Mask)
      (net 32 data))
    (pad 3 thru_hole circle (at 7.6564 -9.398 90) (size 1.524 1.524) (drill 0.8128) (layers *.Cu F.SilkS B.Mask)
      (net 31 GND))
    (pad 4 thru_hole circle (at 7.6564 -6.858 90) (size 1.524 1.524) (drill 0.8128) (layers *.Cu F.SilkS B.Mask)
      (net 31 GND))
    (pad 5 thru_hole circle (at 7.6564 -4.318 90) (size 1.524 1.524) (drill 0.8128) (layers *.Cu F.SilkS B.Mask)
      (net 45 SDA))
    (pad 6 thru_hole circle (at 7.6564 -1.778 90) (size 1.524 1.524) (drill 0.8128) (layers *.Cu F.SilkS B.Mask)
      (net 46 SCL))
    (pad 7 thru_hole circle (at 7.6564 0.762 90) (size 1.524 1.524) (drill 0.8128) (layers *.Cu F.SilkS B.Mask)
      (net 44 "Net-(U1-Pad7)"))
    (pad 8 thru_hole circle (at 7.6564 3.302 90) (size 1.524 1.524) (drill 0.8128) (layers *.Cu F.SilkS B.Mask)
      (net 43 "Net-(U1-Pad8)"))
    (pad 9 thru_hole circle (at 7.6564 5.842 90) (size 1.524 1.524) (drill 0.8128) (layers *.Cu F.SilkS B.Mask)
      (net 2 row0))
    (pad 10 thru_hole circle (at 7.6564 8.382 90) (size 1.524 1.524) (drill 0.8128) (layers *.Cu F.SilkS B.Mask)
      (net 9 row1))
    (pad 11 thru_hole circle (at 7.6564 10.922 90) (size 1.524 1.524) (drill 0.8128) (layers *.Cu F.SilkS B.Mask)
      (net 16 row2))
    (pad 12 thru_hole circle (at 7.6564 13.462 90) (size 1.524 1.524) (drill 0.8128) (layers *.Cu F.SilkS B.Mask)
      (net 23 row3))
    (pad 13 thru_hole circle (at -7.5636 13.462 90) (size 1.524 1.524) (drill 0.8128) (layers *.Cu F.SilkS B.Mask)
      (net 39 col5))
    (pad 14 thru_hole circle (at -7.5636 10.922 90) (size 1.524 1.524) (drill 0.8128) (layers *.Cu F.SilkS B.Mask)
      (net 38 col4))
    (pad 15 thru_hole circle (at -7.5636 8.382 90) (size 1.524 1.524) (drill 0.8128) (layers *.Cu F.SilkS B.Mask)
      (net 37 col3))
    (pad 16 thru_hole circle (at -7.5636 5.842 90) (size 1.524 1.524) (drill 0.8128) (layers *.Cu F.SilkS B.Mask)
      (net 36 col2))
    (pad 17 thru_hole circle (at -7.5636 3.302 90) (size 1.524 1.524) (drill 0.8128) (layers *.Cu F.SilkS B.Mask)
      (net 35 col1))
    (pad 18 thru_hole circle (at -7.5636 0.762 90) (size 1.524 1.524) (drill 0.8128) (layers *.Cu F.SilkS B.Mask)
      (net 34 col0))
    (pad 19 thru_hole circle (at -7.5636 -1.778 90) (size 1.524 1.524) (drill 0.8128) (layers *.Cu F.SilkS B.Mask)
      (net 42 "Net-(U1-Pad19)"))
    (pad 20 thru_hole circle (at -7.5636 -4.318 90) (size 1.524 1.524) (drill 0.8128) (layers *.Cu F.SilkS B.Mask)
      (net 41 "Net-(U1-Pad20)"))
    (pad 21 thru_hole circle (at -7.5636 -6.858 90) (size 1.524 1.524) (drill 0.8128) (layers *.Cu F.SilkS B.Mask)
      (net 29 VCC))
    (pad 22 thru_hole circle (at -7.5636 -9.398 90) (size 1.524 1.524) (drill 0.8128) (layers *.Cu F.SilkS B.Mask)
      (net 33 RESET))
    (pad 23 thru_hole circle (at -7.5636 -11.938 90) (size 1.524 1.524) (drill 0.8128) (layers *.Cu F.SilkS B.Mask)
      (net 31 GND))
    (pad 24 thru_hole circle (at -7.5636 -14.478 90) (size 1.524 1.524) (drill 0.8128) (layers *.Cu F.SilkS B.Mask)
      (net 40 "Net-(U1-Pad24)"))
  )

  (module kbd:JPC2 (layer F.Cu) (tedit 5C6C1B2D) (tstamp 5C67B3EF)
    (at 213.5632 74.22642 90)
    (path /5C30FCA8)
    (attr smd)
    (fp_text reference JP1 (at -0.1 2.3) (layer F.Fab)
      (effects (font (size 0.8128 0.8128) (thickness 0.1524)))
    )
    (fp_text value Jumper_NC_Small (at 0 1.524 90) (layer F.SilkS) hide
      (effects (font (size 0.8128 0.8128) (thickness 0.15)))
    )
    (fp_line (start -1.143 0.889) (end -1.143 -0.889) (layer F.SilkS) (width 0.15))
    (fp_line (start 1.143 0.889) (end -1.143 0.889) (layer F.SilkS) (width 0.15))
    (fp_line (start 1.143 -0.889) (end 1.143 0.889) (layer F.SilkS) (width 0.15))
    (fp_line (start -1.143 -0.889) (end 1.143 -0.889) (layer F.SilkS) (width 0.15))
    (pad "" smd rect (at 0 0 180) (size 0.381 0.381) (layers F.Cu F.Paste F.Mask)
      (clearance 0.00254))
    (pad 2 smd rect (at 0.50038 0 90) (size 0.635 1.143) (layers F.Cu F.Paste F.Mask)
      (net 48 "Net-(J2-PadB)") (clearance 0.1905))
    (pad 1 smd rect (at -0.50038 0 90) (size 0.635 1.143) (layers F.Cu F.Paste F.Mask)
      (net 32 data) (clearance 0.1905))
    (model smd\resistors\R0603.wrl
      (offset (xyz 0 0 0.02539999961853028))
      (scale (xyz 0.5 0.5 0.5))
      (rotate (xyz 0 0 0))
    )
  )

  (module kbd:CherryMX_Hotswap (layer F.Cu) (tedit 5C0D2157) (tstamp 5C67B958)
    (at 181.5465 99.568)
    (path /5C2C961F)
    (fp_text reference SW18 (at 7.1 8.2) (layer F.SilkS) hide
      (effects (font (size 1 1) (thickness 0.15)))
    )
    (fp_text value SW_PUSH (at -4.8 8.3) (layer F.Fab) hide
      (effects (font (size 1 1) (thickness 0.15)))
    )
    (fp_line (start -7 7) (end -6 7) (layer Dwgs.User) (width 0.15))
    (fp_line (start 7 -7) (end 7 -6) (layer Dwgs.User) (width 0.15))
    (fp_line (start -7 -7) (end -6 -7) (layer Dwgs.User) (width 0.15))
    (fp_line (start 7 7) (end 7 6) (layer Dwgs.User) (width 0.15))
    (fp_line (start 6 7) (end 7 7) (layer Dwgs.User) (width 0.15))
    (fp_line (start -7 6) (end -7 7) (layer Dwgs.User) (width 0.15))
    (fp_line (start 7 -7) (end 6 -7) (layer Dwgs.User) (width 0.15))
    (fp_line (start -7 -6) (end -7 -7) (layer Dwgs.User) (width 0.15))
    (fp_line (start -9.525 9.525) (end -9.525 -9.525) (layer Dwgs.User) (width 0.15))
    (fp_line (start 9.525 9.525) (end -9.525 9.525) (layer Dwgs.User) (width 0.15))
    (fp_line (start 9.525 -9.525) (end 9.525 9.525) (layer Dwgs.User) (width 0.15))
    (fp_line (start -9.525 -9.525) (end 9.525 -9.525) (layer Dwgs.User) (width 0.15))
    (fp_line (start -4.4 -3.9) (end -4.4 -3.2) (layer F.SilkS) (width 0.4))
    (fp_line (start -4.4 -6.4) (end -3 -6.4) (layer F.SilkS) (width 0.4))
    (fp_line (start 5.7 -1.3) (end 3 -1.3) (layer F.SilkS) (width 0.5))
    (fp_arc (start 0.865 -1.23) (end 0.8 -3.4) (angle 84) (layer F.SilkS) (width 1))
    (fp_line (start -4.6 -6.25) (end -4.6 -6.6) (layer F.SilkS) (width 0.15))
    (fp_arc (start 3.9 -4.6) (end 3.8 -6.600001) (angle 90) (layer F.SilkS) (width 0.15))
    (fp_arc (start 0.465 -0.83) (end 0.4 -3) (angle 84) (layer F.SilkS) (width 0.15))
    (fp_line (start -4.6 -6.6) (end 3.8 -6.600001) (layer F.SilkS) (width 0.15))
    (fp_line (start 0.4 -3) (end -4.6 -3) (layer F.SilkS) (width 0.15))
    (fp_line (start 5.9 -1.1) (end 2.62 -1.1) (layer F.SilkS) (width 0.15))
    (fp_line (start 5.9 -4.7) (end 5.9 -3.7) (layer F.SilkS) (width 0.15))
    (fp_line (start 5.9 -1.1) (end 5.9 -1.46) (layer F.SilkS) (width 0.15))
    (fp_line (start 5.7 -1.46) (end 5.9 -1.46) (layer F.SilkS) (width 0.15))
    (fp_line (start 5.67 -3.7) (end 5.67 -1.46) (layer F.SilkS) (width 0.15))
    (fp_line (start 5.9 -3.7) (end 5.7 -3.7) (layer F.SilkS) (width 0.15))
    (fp_line (start -4.4 -6.25) (end -4.6 -6.25) (layer F.SilkS) (width 0.15))
    (fp_line (start -4.38 -4) (end -4.38 -6.25) (layer F.SilkS) (width 0.15))
    (fp_line (start -4.6 -4) (end -4.4 -4) (layer F.SilkS) (width 0.15))
    (fp_line (start -4.6 -3) (end -4.6 -4) (layer F.SilkS) (width 0.15))
    (fp_line (start -2.6 -4.8) (end 4.1 -4.8) (layer F.SilkS) (width 3.5))
    (fp_line (start -3.9 -6) (end -3.9 -3.5) (layer F.SilkS) (width 1))
    (fp_line (start -4.3 -3.3) (end -2.9 -3.3) (layer F.SilkS) (width 0.5))
    (fp_line (start 4.17 -5.1) (end 4.17 -2.86) (layer F.SilkS) (width 3))
    (fp_line (start 5.3 -1.6) (end 5.3 -3.4) (layer F.SilkS) (width 0.8))
    (fp_line (start 5.799999 -3.8) (end 5.8 -4.699999) (layer F.SilkS) (width 0.3))
    (fp_line (start -5.8 -3.800001) (end -5.8 -4.7) (layer B.SilkS) (width 0.3))
    (fp_line (start -5.3 -1.6) (end -5.3 -3.399999) (layer B.SilkS) (width 0.8))
    (fp_line (start -4.17 -5.1) (end -4.17 -2.86) (layer B.SilkS) (width 3))
    (fp_line (start 4.3 -3.3) (end 2.9 -3.3) (layer B.SilkS) (width 0.5))
    (fp_line (start 3.9 -6) (end 3.9 -3.5) (layer B.SilkS) (width 1))
    (fp_line (start 2.6 -4.8) (end -4.1 -4.8) (layer B.SilkS) (width 3.5))
    (fp_line (start 4.6 -3) (end 4.6 -4) (layer B.SilkS) (width 0.15))
    (fp_line (start 4.6 -4) (end 4.4 -4) (layer B.SilkS) (width 0.15))
    (fp_line (start 4.38 -4) (end 4.38 -6.25) (layer B.SilkS) (width 0.15))
    (fp_line (start 4.4 -6.25) (end 4.6 -6.25) (layer B.SilkS) (width 0.15))
